syms x1 x2 f(x1,x2) h(x1,x2) L(x1,x2,lambda) lambda;


fx = 15 + 2*x1 + 3*x2;
hx = x1.^2 + x1.*x2 + x2.^2 - 21;
